"Strain"	"Dose"	"Time"	"OD"
"aro4Δ"	0	0	-0.0022
"aro4Δ"	0.1	0	-0.000766667
"aro4Δ"	0.3	0	-7e-04
"aro4Δ"	0.6	0	-0.0016
"aro4Δ"	0.9	0	-0.002033333
"aro4Δ"	1.2	0	-0.0026
"aro4Δ"	1.5	0	-0.0033
"WT"	0	0	-0.0025
"WT"	0.1	0	-0.001766667
"WT"	0.3	0	-0.000833333
"WT"	0.6	0	-0.002433333
"WT"	0.9	0	-0.0014
"WT"	1.2	0	-0.001966667
"WT"	1.5	0	-0.0026
"aro4Δ"	0	0.5	-0.000533333
"aro4Δ"	0.1	0.5	0.0016
"aro4Δ"	0.3	0.5	0.000533333
"aro4Δ"	0.6	0.5	8e-04
"aro4Δ"	0.9	0.5	-3.33333e-05
"aro4Δ"	1.2	0.5	-0.000333333
"aro4Δ"	1.5	0.5	-0.000766667
"WT"	0	0.5	0.000633333
"WT"	0.1	0.5	0.002266667
"WT"	0.3	0.5	0.002566667
"WT"	0.6	0.5	-0.000466667
"WT"	0.9	0.5	0.000866667
"WT"	1.2	0.5	6e-04
"WT"	1.5	0.5	0.000866667
"aro4Δ"	0	1	-0.000466667
"aro4Δ"	0.1	1	0.001166667
"aro4Δ"	0.3	1	-0.000133333
"aro4Δ"	0.6	1	-2e-04
"aro4Δ"	0.9	1	-3.33333e-05
"aro4Δ"	1.2	1	-0.000466667
"aro4Δ"	1.5	1	-0.000833333
"WT"	0	1	-3.33333e-05
"WT"	0.1	1	6.66667e-05
"WT"	0.3	1	0.0018
"WT"	0.6	1	-5e-04
"WT"	0.9	1	0.000566667
"WT"	1.2	1	0.000533333
"WT"	1.5	1	-3e-04
"aro4Δ"	0	1.5	-4e-04
"aro4Δ"	0.1	1.5	0.001333333
"aro4Δ"	0.3	1.5	0.000533333
"aro4Δ"	0.6	1.5	0.000266667
"aro4Δ"	0.9	1.5	0.000166667
"aro4Δ"	1.2	1.5	-4e-04
"aro4Δ"	1.5	1.5	-8e-04
"WT"	0	1.5	-0.000166667
"WT"	0.1	1.5	6.66667e-05
"WT"	0.3	1.5	0.002166667
"WT"	0.6	1.5	0
"WT"	0.9	1.5	0.000833333
"WT"	1.2	1.5	0.000933333
"WT"	1.5	1.5	-3.33333e-05
"aro4Δ"	0	2	-0.000566667
"aro4Δ"	0.1	2	0.001766667
"aro4Δ"	0.3	2	0.001233333
"aro4Δ"	0.6	2	0
"aro4Δ"	0.9	2	0.000166667
"aro4Δ"	1.2	2	2e-04
"aro4Δ"	1.5	2	-8e-04
"WT"	0	2	-4e-04
"WT"	0.1	2	0.001433333
"WT"	0.3	2	0.0029
"WT"	0.6	2	0.000233333
"WT"	0.9	2	0.001
"WT"	1.2	2	0.001166667
"WT"	1.5	2	0.000166667
"aro4Δ"	0	2.5	-0.000766667
"aro4Δ"	0.1	2.5	0.001533333
"aro4Δ"	0.3	2.5	0.001633333
"aro4Δ"	0.6	2.5	6e-04
"aro4Δ"	0.9	2.5	-0.000133333
"aro4Δ"	1.2	2.5	0.000533333
"aro4Δ"	1.5	2.5	-0.001033333
"WT"	0	2.5	-4e-04
"WT"	0.1	2.5	0.000966667
"WT"	0.3	2.5	0.0021
"WT"	0.6	2.5	0.000233333
"WT"	0.9	2.5	0.001
"WT"	1.2	2.5	0.001433333
"WT"	1.5	2.5	1e-04
"aro4Δ"	0	3	0.000233333
"aro4Δ"	0.1	3	0.0015
"aro4Δ"	0.3	3	0.001866667
"aro4Δ"	0.6	3	0.000766667
"aro4Δ"	0.9	3	7e-04
"aro4Δ"	1.2	3	0.001033333
"aro4Δ"	1.5	3	-6.66667e-05
"WT"	0	3	0.000733333
"WT"	0.1	3	0.002566667
"WT"	0.3	3	0.003433333
"WT"	0.6	3	0.0015
"WT"	0.9	3	0.002166667
"WT"	1.2	3	0.002333333
"WT"	1.5	3	0.001533333
"aro4Δ"	0	3.5	0.000666667
"aro4Δ"	0.1	3.5	0.001466667
"aro4Δ"	0.3	3.5	0.003633333
"aro4Δ"	0.6	3.5	0.002
"aro4Δ"	0.9	3.5	0.001133333
"aro4Δ"	1.2	3.5	4e-04
"aro4Δ"	1.5	3.5	3.33333e-05
"WT"	0	3.5	0.0018
"WT"	0.1	3.5	0.0018
"WT"	0.3	3.5	0.003933333
"WT"	0.6	3.5	0.002666667
"WT"	0.9	3.5	0.002933333
"WT"	1.2	3.5	0.003766667
"WT"	1.5	3.5	0.0022
"aro4Δ"	0	4	0.0011
"aro4Δ"	0.1	4	0.0029
"aro4Δ"	0.3	4	0.003833333
"aro4Δ"	0.6	4	0.003866667
"aro4Δ"	0.9	4	0.001633333
"aro4Δ"	1.2	4	0.0012
"aro4Δ"	1.5	4	5e-04
"WT"	0	4	0.003633333
"WT"	0.1	4	0.003466667
"WT"	0.3	4	0.0045
"WT"	0.6	4	0.002933333
"WT"	0.9	4	0.004233333
"WT"	1.2	4	0.004733333
"WT"	1.5	4	0.003833333
"aro4Δ"	0	4.5	0.001266667
"aro4Δ"	0.1	4.5	0.0029
"aro4Δ"	0.3	4.5	0.003366667
"aro4Δ"	0.6	4.5	0.001766667
"aro4Δ"	0.9	4.5	0.0015
"aro4Δ"	1.2	4.5	0.0019
"aro4Δ"	1.5	4.5	0.000266667
"WT"	0	4.5	0.002633333
"WT"	0.1	4.5	0.0034
"WT"	0.3	4.5	0.004966667
"WT"	0.6	4.5	0.0036
"WT"	0.9	4.5	0.004433333
"WT"	1.2	4.5	0.006033333
"WT"	1.5	4.5	0.0034
"aro4Δ"	0	5	0.002033333
"aro4Δ"	0.1	5	0.0026
"aro4Δ"	0.3	5	0.003633333
"aro4Δ"	0.6	5	0.002533333
"aro4Δ"	0.9	5	0.002866667
"aro4Δ"	1.2	5	0.001166667
"aro4Δ"	1.5	5	0.000466667
"WT"	0	5	0.0041
"WT"	0.1	5	0.0043
"WT"	0.3	5	0.0061
"WT"	0.6	5	0.0045
"WT"	0.9	5	0.006266667
"WT"	1.2	5	0.005533333
"WT"	1.5	5	0.0041
"aro4Δ"	0	5.5	0.003333333
"aro4Δ"	0.1	5.5	0.003533333
"aro4Δ"	0.3	5.5	0.0032
"aro4Δ"	0.6	5.5	0.004266667
"aro4Δ"	0.9	5.5	0.003066667
"aro4Δ"	1.2	5.5	0.003466667
"aro4Δ"	1.5	5.5	0.001766667
"WT"	0	5.5	0.009733333
"WT"	0.1	5.5	0.006666667
"WT"	0.3	5.5	0.0081
"WT"	0.6	5.5	0.0066
"WT"	0.9	5.5	0.009166667
"WT"	1.2	5.5	0.008233333
"WT"	1.5	5.5	0.0072
"aro4Δ"	0	6	0.003766667
"aro4Δ"	0.1	6	0.003666667
"aro4Δ"	0.3	6	0.004433333
"aro4Δ"	0.6	6	0.0028
"aro4Δ"	0.9	6	0.003
"aro4Δ"	1.2	6	0.0028
"aro4Δ"	1.5	6	0.0014
"WT"	0	6	0.0063
"WT"	0.1	6	0.007166667
"WT"	0.3	6	0.009566667
"WT"	0.6	6	0.0081
"WT"	0.9	6	0.009366667
"WT"	1.2	6	0.01
"WT"	1.5	6	0.0074
"aro4Δ"	0	6.5	0.004833333
"aro4Δ"	0.1	6.5	0.004966667
"aro4Δ"	0.3	6.5	0.004733333
"aro4Δ"	0.6	6.5	0.003933333
"aro4Δ"	0.9	6.5	0.0034
"aro4Δ"	1.2	6.5	0.0026
"aro4Δ"	1.5	6.5	0.002
"WT"	0	6.5	0.0083
"WT"	0.1	6.5	0.009166667
"WT"	0.3	6.5	0.0118
"WT"	0.6	6.5	0.0105
"WT"	0.9	6.5	0.011233333
"WT"	1.2	6.5	0.011833333
"WT"	1.5	6.5	0.009333333
"aro4Δ"	0	7	0.005733333
"aro4Δ"	0.1	7	0.004933333
"aro4Δ"	0.3	7	0.0039
"aro4Δ"	0.6	7	0.0043
"aro4Δ"	0.9	7	0.0052
"aro4Δ"	1.2	7	0.002766667
"aro4Δ"	1.5	7	0.001833333
"WT"	0	7	0.012333333
"WT"	0.1	7	0.010966667
"WT"	0.3	7	0.014033333
"WT"	0.6	7	0.012433333
"WT"	0.9	7	0.0141
"WT"	1.2	7	0.013466667
"WT"	1.5	7	0.012
"aro4Δ"	0	7.5	0.0076
"aro4Δ"	0.1	7.5	0.005833333
"aro4Δ"	0.3	7.5	0.005133333
"aro4Δ"	0.6	7.5	0.005466667
"aro4Δ"	0.9	7.5	0.005066667
"aro4Δ"	1.2	7.5	0.004166667
"aro4Δ"	1.5	7.5	0.002933333
"WT"	0	7.5	0.014033333
"WT"	0.1	7.5	0.014366667
"WT"	0.3	7.5	0.017666667
"WT"	0.6	7.5	0.016433333
"WT"	0.9	7.5	0.017933333
"WT"	1.2	7.5	0.017666667
"WT"	1.5	7.5	0.014966667
"aro4Δ"	0	8	0.0093
"aro4Δ"	0.1	8	0.007166667
"aro4Δ"	0.3	8	0.006333333
"aro4Δ"	0.6	8	0.006366667
"aro4Δ"	0.9	8	0.005466667
"aro4Δ"	1.2	8	0.004633333
"aro4Δ"	1.5	8	0.003333333
"WT"	0	8	0.015466667
"WT"	0.1	8	0.017633333
"WT"	0.3	8	0.021966667
"WT"	0.6	8	0.0207
"WT"	0.9	8	0.021933333
"WT"	1.2	8	0.021733333
"WT"	1.5	8	0.018233333
"aro4Δ"	0	8.5	0.011366667
"aro4Δ"	0.1	8.5	0.008166667
"aro4Δ"	0.3	8.5	0.0073
"aro4Δ"	0.6	8.5	0.007233333
"aro4Δ"	0.9	8.5	0.007633333
"aro4Δ"	1.2	8.5	0.005166667
"aro4Δ"	1.5	8.5	0.004166667
"WT"	0	8.5	0.019166667
"WT"	0.1	8.5	0.021866667
"WT"	0.3	8.5	0.0275
"WT"	0.6	8.5	0.026266667
"WT"	0.9	8.5	0.027366667
"WT"	1.2	8.5	0.0267
"WT"	1.5	8.5	0.023633333
"aro4Δ"	0	9	0.0139
"aro4Δ"	0.1	9	0.009833333
"aro4Δ"	0.3	9	0.008
"aro4Δ"	0.6	9	0.007866667
"aro4Δ"	0.9	9	0.0071
"aro4Δ"	1.2	9	0.0059
"aro4Δ"	1.5	9	0.0047
"WT"	0	9	0.024633333
"WT"	0.1	9	0.027733333
"WT"	0.3	9	0.034533333
"WT"	0.6	9	0.034133333
"WT"	0.9	9	0.036266667
"WT"	1.2	9	0.0344
"WT"	1.5	9	0.0293
"aro4Δ"	0	9.5	0.016866667
"aro4Δ"	0.1	9.5	0.011466667
"aro4Δ"	0.3	9.5	0.009
"aro4Δ"	0.6	9.5	0.008733333
"aro4Δ"	0.9	9.5	0.007966667
"aro4Δ"	1.2	9.5	0.006266667
"aro4Δ"	1.5	9.5	0.005133333
"WT"	0	9.5	0.032366667
"WT"	0.1	9.5	0.0356
"WT"	0.3	9.5	0.044166667
"WT"	0.6	9.5	0.046366667
"WT"	0.9	9.5	0.0504
"WT"	1.2	9.5	0.0453
"WT"	1.5	9.5	0.038033333
"aro4Δ"	0	10	0.020333333
"aro4Δ"	0.1	10	0.013966667
"aro4Δ"	0.3	10	0.010666667
"aro4Δ"	0.6	10	0.009533333
"aro4Δ"	0.9	10	0.008433333
"aro4Δ"	1.2	10	0.0071
"aro4Δ"	1.5	10	0.006033333
"WT"	0	10	0.042933333
"WT"	0.1	10	0.047466667
"WT"	0.3	10	0.057933333
"WT"	0.6	10	0.063266667
"WT"	0.9	10	0.071266667
"WT"	1.2	10	0.060133333
"WT"	1.5	10	0.0516
"aro4Δ"	0	10.5	0.025033333
"aro4Δ"	0.1	10.5	0.016633333
"aro4Δ"	0.3	10.5	0.012666667
"aro4Δ"	0.6	10.5	0.012
"aro4Δ"	0.9	10.5	0.0098
"aro4Δ"	1.2	10.5	0.008066667
"aro4Δ"	1.5	10.5	0.006633333
"WT"	0	10.5	0.052433333
"WT"	0.1	10.5	0.062566667
"WT"	0.3	10.5	0.0789
"WT"	0.6	10.5	0.083866667
"WT"	0.9	10.5	0.092733333
"WT"	1.2	10.5	0.078666667
"WT"	1.5	10.5	0.072766667
"aro4Δ"	0	11	0.030633333
"aro4Δ"	0.1	11	0.018966667
"aro4Δ"	0.3	11	0.013833333
"aro4Δ"	0.6	11	0.0128
"aro4Δ"	0.9	11	0.0114
"aro4Δ"	1.2	11	0.009133333
"aro4Δ"	1.5	11	0.007533333
"WT"	0	11	0.068866667
"WT"	0.1	11	0.079966667
"WT"	0.3	11	0.107566667
"WT"	0.6	11	0.11
"WT"	0.9	11	0.115766667
"WT"	1.2	11	0.101533333
"WT"	1.5	11	0.096966667
"aro4Δ"	0	11.5	0.038533333
"aro4Δ"	0.1	11.5	0.023333333
"aro4Δ"	0.3	11.5	0.016966667
"aro4Δ"	0.6	11.5	0.015166667
"aro4Δ"	0.9	11.5	0.012733333
"aro4Δ"	1.2	11.5	0.010566667
"aro4Δ"	1.5	11.5	0.008466667
"WT"	0	11.5	0.087133333
"WT"	0.1	11.5	0.1028
"WT"	0.3	11.5	0.1433
"WT"	0.6	11.5	0.144133333
"WT"	0.9	11.5	0.1454
"WT"	1.2	11.5	0.131666667
"WT"	1.5	11.5	0.125266667
"aro4Δ"	0	12	0.0492
"aro4Δ"	0.1	12	0.0291
"aro4Δ"	0.3	12	0.020033333
"aro4Δ"	0.6	12	0.0179
"aro4Δ"	0.9	12	0.014133333
"aro4Δ"	1.2	12	0.0127
"aro4Δ"	1.5	12	0.0101
"WT"	0	12	0.110433333
"WT"	0.1	12	0.1345
"WT"	0.3	12	0.188966667
"WT"	0.6	12	0.1844
"WT"	0.9	12	0.1847
"WT"	1.2	12	0.1723
"WT"	1.5	12	0.1623
"aro4Δ"	0	12.5	0.062866667
"aro4Δ"	0.1	12.5	0.035233333
"aro4Δ"	0.3	12.5	0.023433333
"aro4Δ"	0.6	12.5	0.0207
"aro4Δ"	0.9	12.5	0.016833333
"aro4Δ"	1.2	12.5	0.0139
"aro4Δ"	1.5	12.5	0.011233333
"WT"	0	12.5	0.136833333
"WT"	0.1	12.5	0.1739
"WT"	0.3	12.5	0.238166667
"WT"	0.6	12.5	0.233233333
"WT"	0.9	12.5	0.235
"WT"	1.2	12.5	0.220633333
"WT"	1.5	12.5	0.209533333
"aro4Δ"	0	13	0.081066667
"aro4Δ"	0.1	13	0.044066667
"aro4Δ"	0.3	13	0.0285
"aro4Δ"	0.6	13	0.0241
"aro4Δ"	0.9	13	0.019166667
"aro4Δ"	1.2	13	0.0155
"aro4Δ"	1.5	13	0.0122
"WT"	0	13	0.168866667
"WT"	0.1	13	0.214233333
"WT"	0.3	13	0.314033333
"WT"	0.6	13	0.301766667
"WT"	0.9	13	0.3062
"WT"	1.2	13	0.293366667
"WT"	1.5	13	0.275366667
"aro4Δ"	0	13.5	0.106433333
"aro4Δ"	0.1	13.5	0.055033333
"aro4Δ"	0.3	13.5	0.034666667
"aro4Δ"	0.6	13.5	0.028033333
"aro4Δ"	0.9	13.5	0.021166667
"aro4Δ"	1.2	13.5	0.018366667
"aro4Δ"	1.5	13.5	0.014566667
"WT"	0	13.5	0.204733333
"WT"	0.1	13.5	0.267066667
"WT"	0.3	13.5	0.387833333
"WT"	0.6	13.5	0.385166667
"WT"	0.9	13.5	0.3995
"WT"	1.2	13.5	0.379666667
"WT"	1.5	13.5	0.3631
"aro4Δ"	0	14	0.1367
"aro4Δ"	0.1	14	0.0677
"aro4Δ"	0.3	14	0.043166667
"aro4Δ"	0.6	14	0.033333333
"aro4Δ"	0.9	14	0.024633333
"aro4Δ"	1.2	14	0.0205
"aro4Δ"	1.5	14	0.015033333
"WT"	0	14	0.248233333
"WT"	0.1	14	0.3406
"WT"	0.3	14	0.472166667
"WT"	0.6	14	0.4791
"WT"	0.9	14	0.5144
"WT"	1.2	14	0.488766667
"WT"	1.5	14	0.459633333
"aro4Δ"	0	14.5	0.177466667
"aro4Δ"	0.1	14.5	0.083466667
"aro4Δ"	0.3	14.5	0.054033333
"aro4Δ"	0.6	14.5	0.039733333
"aro4Δ"	0.9	14.5	0.028266667
"aro4Δ"	1.2	14.5	0.0222
"aro4Δ"	1.5	14.5	0.016833333
"WT"	0	14.5	0.318766667
"WT"	0.1	14.5	0.439933333
"WT"	0.3	14.5	0.5584
"WT"	0.6	14.5	0.569833333
"WT"	0.9	14.5	0.6192
"WT"	1.2	14.5	0.5939
"WT"	1.5	14.5	0.572833333
"aro4Δ"	0	15	0.2299
"aro4Δ"	0.1	15	0.1016
"aro4Δ"	0.3	15	0.067033333
"aro4Δ"	0.6	15	0.047833333
"aro4Δ"	0.9	15	0.031666667
"aro4Δ"	1.2	15	0.0252
"aro4Δ"	1.5	15	0.019
"WT"	0	15	0.396933333
"WT"	0.1	15	0.533933333
"WT"	0.3	15	0.643733333
"WT"	0.6	15	0.653366667
"WT"	0.9	15	0.7167
"WT"	1.2	15	0.686433333
"WT"	1.5	15	0.674933333
"aro4Δ"	0	15.5	0.287466667
"aro4Δ"	0.1	15.5	0.125666667
"aro4Δ"	0.3	15.5	0.081666667
"aro4Δ"	0.6	15.5	0.058166667
"aro4Δ"	0.9	15.5	0.037766667
"aro4Δ"	1.2	15.5	0.0293
"aro4Δ"	1.5	15.5	0.022133333
"WT"	0	15.5	0.4741
"WT"	0.1	15.5	0.6181
"WT"	0.3	15.5	0.728566667
"WT"	0.6	15.5	0.739333333
"WT"	0.9	15.5	0.808033333
"WT"	1.2	15.5	0.778966667
"WT"	1.5	15.5	0.768666667
"aro4Δ"	0	16	0.3701
"aro4Δ"	0.1	16	0.1559
"aro4Δ"	0.3	16	0.097266667
"aro4Δ"	0.6	16	0.070566667
"aro4Δ"	0.9	16	0.044666667
"aro4Δ"	1.2	16	0.0341
"aro4Δ"	1.5	16	0.025333333
"WT"	0	16	0.544233333
"WT"	0.1	16	0.703733333
"WT"	0.3	16	0.814433333
"WT"	0.6	16	0.831033333
"WT"	0.9	16	0.900133333
"WT"	1.2	16	0.869733333
"WT"	1.5	16	0.8634
"aro4Δ"	0	16.5	0.460166667
"aro4Δ"	0.1	16.5	0.1916
"aro4Δ"	0.3	16.5	0.117566667
"aro4Δ"	0.6	16.5	0.084366667
"aro4Δ"	0.9	16.5	0.052266667
"aro4Δ"	1.2	16.5	0.038166667
"aro4Δ"	1.5	16.5	0.0281
"WT"	0	16.5	0.621666667
"WT"	0.1	16.5	0.7929
"WT"	0.3	16.5	0.902266667
"WT"	0.6	16.5	0.9215
"WT"	0.9	16.5	0.992966667
"WT"	1.2	16.5	0.9642
"WT"	1.5	16.5	0.960966667
"aro4Δ"	0	17	0.554333333
"aro4Δ"	0.1	17	0.233333333
"aro4Δ"	0.3	17	0.139666667
"aro4Δ"	0.6	17	0.100666667
"aro4Δ"	0.9	17	0.060933333
"aro4Δ"	1.2	17	0.043433333
"aro4Δ"	1.5	17	0.031833333
"WT"	0	17	0.705333333
"WT"	0.1	17	0.883066667
"WT"	0.3	17	0.9918
"WT"	0.6	17	1.013566667
"WT"	0.9	17	1.0872
"WT"	1.2	17	1.057266667
"WT"	1.5	17	1.056766667
"aro4Δ"	0	17.5	0.636133333
"aro4Δ"	0.1	17.5	0.2828
"aro4Δ"	0.3	17.5	0.166333333
"aro4Δ"	0.6	17.5	0.116133333
"aro4Δ"	0.9	17.5	0.069066667
"aro4Δ"	1.2	17.5	0.047366667
"aro4Δ"	1.5	17.5	0.034766667
"WT"	0	17.5	0.786433333
"WT"	0.1	17.5	0.971933333
"WT"	0.3	17.5	1.0796
"WT"	0.6	17.5	1.102266667
"WT"	0.9	17.5	1.1744
"WT"	1.2	17.5	1.1464
"WT"	1.5	17.5	1.144066667
"aro4Δ"	0	18	0.718933333
"aro4Δ"	0.1	18	0.337466667
"aro4Δ"	0.3	18	0.197433333
"aro4Δ"	0.6	18	0.137033333
"aro4Δ"	0.9	18	0.0792
"aro4Δ"	1.2	18	0.052466667
"aro4Δ"	1.5	18	0.0384
"WT"	0	18	0.874666667
"WT"	0.1	18	1.064933333
"WT"	0.3	18	1.1662
"WT"	0.6	18	1.188033333
"WT"	0.9	18	1.257366667
"WT"	1.2	18	1.2294
"WT"	1.5	18	1.2309
"aro4Δ"	0	18.5	0.800733333
"aro4Δ"	0.1	18.5	0.4016
"aro4Δ"	0.3	18.5	0.234966667
"aro4Δ"	0.6	18.5	0.1574
"aro4Δ"	0.9	18.5	0.088
"aro4Δ"	1.2	18.5	0.055566667
"aro4Δ"	1.5	18.5	0.039166667
"WT"	0	18.5	0.9609
"WT"	0.1	18.5	1.1509
"WT"	0.3	18.5	1.237833333
"WT"	0.6	18.5	1.260633333
"WT"	0.9	18.5	1.3276
"WT"	1.2	18.5	1.304433333
"WT"	1.5	18.5	1.3084
"aro4Δ"	0	19	0.8836
"aro4Δ"	0.1	19	0.4753
"aro4Δ"	0.3	19	0.281666667
"aro4Δ"	0.6	19	0.180033333
"aro4Δ"	0.9	19	0.098366667
"aro4Δ"	1.2	19	0.0599
"aro4Δ"	1.5	19	0.041666667
"WT"	0	19	1.043
"WT"	0.1	19	1.221066667
"WT"	0.3	19	1.294933333
"WT"	0.6	19	1.3212
"WT"	0.9	19	1.388266667
"WT"	1.2	19	1.368366667
"WT"	1.5	19	1.375866667
"aro4Δ"	0	19.5	0.967733333
"aro4Δ"	0.1	19.5	0.544933333
"aro4Δ"	0.3	19.5	0.3269
"aro4Δ"	0.6	19.5	0.203833333
"aro4Δ"	0.9	19.5	0.107733333
"aro4Δ"	1.2	19.5	0.062233333
"aro4Δ"	1.5	19.5	0.042066667
"WT"	0	19.5	1.1053
"WT"	0.1	19.5	1.273533333
"WT"	0.3	19.5	1.338866667
"WT"	0.6	19.5	1.3684
"WT"	0.9	19.5	1.4349
"WT"	1.2	19.5	1.420266667
"WT"	1.5	19.5	1.432766667
"aro4Δ"	0	20	1.045633333
"aro4Δ"	0.1	20	0.6145
"aro4Δ"	0.3	20	0.3864
"aro4Δ"	0.6	20	0.2347
"aro4Δ"	0.9	20	0.1204
"aro4Δ"	1.2	20	0.066933333
"aro4Δ"	1.5	20	0.044466667
"WT"	0	20	1.156333333
"WT"	0.1	20	1.313766667
"WT"	0.3	20	1.375666667
"WT"	0.6	20	1.4079
"WT"	0.9	20	1.473533333
"WT"	1.2	20	1.4637
"WT"	1.5	20	1.479866667
"aro4Δ"	0	20.5	1.104033333
"aro4Δ"	0.1	20.5	0.677933333
"aro4Δ"	0.3	20.5	0.4456
"aro4Δ"	0.6	20.5	0.262766667
"aro4Δ"	0.9	20.5	0.130866667
"aro4Δ"	1.2	20.5	0.0676
"aro4Δ"	1.5	20.5	0.043533333
"WT"	0	20.5	1.1956
"WT"	0.1	20.5	1.3465
"WT"	0.3	20.5	1.403033333
"WT"	0.6	20.5	1.436
"WT"	0.9	20.5	1.503333333
"WT"	1.2	20.5	1.496433333
"WT"	1.5	20.5	1.518166667
"aro4Δ"	0	21	1.152033333
"aro4Δ"	0.1	21	0.746266667
"aro4Δ"	0.3	21	0.515033333
"aro4Δ"	0.6	21	0.2966
"aro4Δ"	0.9	21	0.144566667
"aro4Δ"	1.2	21	0.073166667
"aro4Δ"	1.5	21	0.047566667
"WT"	0	21	1.229966667
"WT"	0.1	21	1.375266667
"WT"	0.3	21	1.428633333
"WT"	0.6	21	1.462933333
"WT"	0.9	21	1.530266667
"WT"	1.2	21	1.527466667
"WT"	1.5	21	1.5521
"aro4Δ"	0	21.5	1.1871
"aro4Δ"	0.1	21.5	0.809366667
"aro4Δ"	0.3	21.5	0.579966667
"aro4Δ"	0.6	21.5	0.327566667
"aro4Δ"	0.9	21.5	0.155133333
"aro4Δ"	1.2	21.5	0.075666667
"aro4Δ"	1.5	21.5	0.048133333
"WT"	0	21.5	1.258133333
"WT"	0.1	21.5	1.398766667
"WT"	0.3	21.5	1.448266667
"WT"	0.6	21.5	1.483166667
"WT"	0.9	21.5	1.550233333
"WT"	1.2	21.5	1.550866667
"WT"	1.5	21.5	1.579233333
"aro4Δ"	0	22	1.218366667
"aro4Δ"	0.1	22	0.875733333
"aro4Δ"	0.3	22	0.643566667
"aro4Δ"	0.6	22	0.3593
"aro4Δ"	0.9	22	0.165933333
"aro4Δ"	1.2	22	0.078666667
"aro4Δ"	1.5	22	0.048566667
"WT"	0	22	1.2809
"WT"	0.1	22	1.415833333
"WT"	0.3	22	1.4641
"WT"	0.6	22	1.4991
"WT"	0.9	22	1.565166667
"WT"	1.2	22	1.568366667
"WT"	1.5	22	1.598766667
"aro4Δ"	0	22.5	1.239766667
"aro4Δ"	0.1	22.5	0.9423
"aro4Δ"	0.3	22.5	0.703566667
"aro4Δ"	0.6	22.5	0.3921
"aro4Δ"	0.9	22.5	0.176233333
"aro4Δ"	1.2	22.5	0.081
"aro4Δ"	1.5	22.5	0.0495
"WT"	0	22.5	1.2979
"WT"	0.1	22.5	1.4299
"WT"	0.3	22.5	1.476266667
"WT"	0.6	22.5	1.511733333
"WT"	0.9	22.5	1.577433333
"WT"	1.2	22.5	1.581766667
"WT"	1.5	22.5	1.6145
"aro4Δ"	0	23	1.259966667
"aro4Δ"	0.1	23	1.011433333
"aro4Δ"	0.3	23	0.761066667
"aro4Δ"	0.6	23	0.428666667
"aro4Δ"	0.9	23	0.1878
"aro4Δ"	1.2	23	0.085766667
"aro4Δ"	1.5	23	0.052333333
"WT"	0	23	1.313766667
"WT"	0.1	23	1.444233333
"WT"	0.3	23	1.488766667
"WT"	0.6	23	1.5247
"WT"	0.9	23	1.5894
"WT"	1.2	23	1.595166667
"WT"	1.5	23	1.628533333
"aro4Δ"	0	23.5	1.275
"aro4Δ"	0.1	23.5	1.075533333
"aro4Δ"	0.3	23.5	0.820433333
"aro4Δ"	0.6	23.5	0.461666667
"aro4Δ"	0.9	23.5	0.1993
"aro4Δ"	1.2	23.5	0.089133333
"aro4Δ"	1.5	23.5	0.054266667
"WT"	0	23.5	1.326666667
"WT"	0.1	23.5	1.455133333
"WT"	0.3	23.5	1.499133333
"WT"	0.6	23.5	1.534466667
"WT"	0.9	23.5	1.5984
"WT"	1.2	23.5	1.6059
"WT"	1.5	23.5	1.639333333
"aro4Δ"	0	24	1.286833333
"aro4Δ"	0.1	24	1.127733333
"aro4Δ"	0.3	24	0.8766
"aro4Δ"	0.6	24	0.493433333
"aro4Δ"	0.9	24	0.208466667
"aro4Δ"	1.2	24	0.091366667
"aro4Δ"	1.5	24	0.054633333
"WT"	0	24	1.337166667
"WT"	0.1	24	1.463766667
"WT"	0.3	24	1.5072
"WT"	0.6	24	1.542133333
"WT"	0.9	24	1.605133333
"WT"	1.2	24	1.612866667
"WT"	1.5	24	1.646233333
"aro4Δ"	0	24.5	1.299666667
"aro4Δ"	0.1	24.5	1.178166667
"aro4Δ"	0.3	24.5	0.936466667
"aro4Δ"	0.6	24.5	0.525133333
"aro4Δ"	0.9	24.5	0.2206
"aro4Δ"	1.2	24.5	0.096166667
"aro4Δ"	1.5	24.5	0.0576
"WT"	0	24.5	1.348466667
"WT"	0.1	24.5	1.4733
"WT"	0.3	24.5	1.5154
"WT"	0.6	24.5	1.551
"WT"	0.9	24.5	1.6125
"WT"	1.2	24.5	1.6197
"WT"	1.5	24.5	1.6515
"aro4Δ"	0	25	1.310166667
"aro4Δ"	0.1	25	1.217566667
"aro4Δ"	0.3	25	0.9927
"aro4Δ"	0.6	25	0.555066667
"aro4Δ"	0.9	25	0.2306
"aro4Δ"	1.2	25	0.0999
"aro4Δ"	1.5	25	0.059166667
"WT"	0	25	1.358966667
"WT"	0.1	25	1.481666667
"WT"	0.3	25	1.523566667
"WT"	0.6	25	1.556633333
"WT"	0.9	25	1.6175
"WT"	1.2	25	1.623933333
"WT"	1.5	25	1.654466667
"aro4Δ"	0	25.5	1.3195
"aro4Δ"	0.1	25.5	1.248866667
"aro4Δ"	0.3	25.5	1.0493
"aro4Δ"	0.6	25.5	0.583666667
"aro4Δ"	0.9	25.5	0.240366667
"aro4Δ"	1.2	25.5	0.102333333
"aro4Δ"	1.5	25.5	0.0604
"WT"	0	25.5	1.3665
"WT"	0.1	25.5	1.487833333
"WT"	0.3	25.5	1.527933333
"WT"	0.6	25.5	1.562933333
"WT"	0.9	25.5	1.62
"WT"	1.2	25.5	1.623866667
"WT"	1.5	25.5	1.653666667
"aro4Δ"	0	26	1.327633333
"aro4Δ"	0.1	26	1.2747
"aro4Δ"	0.3	26	1.104633333
"aro4Δ"	0.6	26	0.611866667
"aro4Δ"	0.9	26	0.250066667
"aro4Δ"	1.2	26	0.105766667
"aro4Δ"	1.5	26	0.062333333
"WT"	0	26	1.374033333
"WT"	0.1	26	1.494166667
"WT"	0.3	26	1.533466667
"WT"	0.6	26	1.567166667
"WT"	0.9	26	1.6217
"WT"	1.2	26	1.624633333
"WT"	1.5	26	1.653666667
"aro4Δ"	0	26.5	1.3347
"aro4Δ"	0.1	26.5	1.296866667
"aro4Δ"	0.3	26.5	1.1566
"aro4Δ"	0.6	26.5	0.637066667
"aro4Δ"	0.9	26.5	0.258466667
"aro4Δ"	1.2	26.5	0.1083
"aro4Δ"	1.5	26.5	0.0631
"WT"	0	26.5	1.381233333
"WT"	0.1	26.5	1.5002
"WT"	0.3	26.5	1.538533333
"WT"	0.6	26.5	1.570766667
"WT"	0.9	26.5	1.623033333
"WT"	1.2	26.5	1.623966667
"WT"	1.5	26.5	1.6535
"aro4Δ"	0	27	1.3418
"aro4Δ"	0.1	27	1.312966667
"aro4Δ"	0.3	27	1.203933333
"aro4Δ"	0.6	27	0.660033333
"aro4Δ"	0.9	27	0.268
"aro4Δ"	1.2	27	0.111833333
"aro4Δ"	1.5	27	0.0651
"WT"	0	27	1.389166667
"WT"	0.1	27	1.5067
"WT"	0.3	27	1.543266667
"WT"	0.6	27	1.573633333
"WT"	0.9	27	1.623166667
"WT"	1.2	27	1.624466667
"WT"	1.5	27	1.653533333
"aro4Δ"	0	27.5	1.347433333
"aro4Δ"	0.1	27.5	1.325433333
"aro4Δ"	0.3	27.5	1.248166667
"aro4Δ"	0.6	27.5	0.680866667
"aro4Δ"	0.9	27.5	0.2747
"aro4Δ"	1.2	27.5	0.113666667
"aro4Δ"	1.5	27.5	0.0656
"WT"	0	27.5	1.395033333
"WT"	0.1	27.5	1.5104
"WT"	0.3	27.5	1.5465
"WT"	0.6	27.5	1.574833333
"WT"	0.9	27.5	1.623333333
"WT"	1.2	27.5	1.624066667
"WT"	1.5	27.5	1.653633333
"aro4Δ"	0	28	1.354633333
"aro4Δ"	0.1	28	1.3422
"aro4Δ"	0.3	28	1.2929
"aro4Δ"	0.6	28	0.702033333
"aro4Δ"	0.9	28	0.283866667
"aro4Δ"	1.2	28	0.116866667
"aro4Δ"	1.5	28	0.067366667
"WT"	0	28	1.4017
"WT"	0.1	28	1.516066667
"WT"	0.3	28	1.548933333
"WT"	0.6	28	1.5744
"WT"	0.9	28	1.624033333
"WT"	1.2	28	1.625533333
"WT"	1.5	28	1.654533333
"aro4Δ"	0	28.5	1.3605
"aro4Δ"	0.1	28.5	1.352966667
"aro4Δ"	0.3	28.5	1.330033333
"aro4Δ"	0.6	28.5	0.722533333
"aro4Δ"	0.9	28.5	0.2915
"aro4Δ"	1.2	28.5	0.1196
"aro4Δ"	1.5	28.5	0.0688
"WT"	0	28.5	1.407333333
"WT"	0.1	28.5	1.519966667
"WT"	0.3	28.5	1.5506
"WT"	0.6	28.5	1.5744
"WT"	0.9	28.5	1.6238
"WT"	1.2	28.5	1.626366667
"WT"	1.5	28.5	1.655633333
"aro4Δ"	0	29	1.365633333
"aro4Δ"	0.1	29	1.3619
"aro4Δ"	0.3	29	1.3632
"aro4Δ"	0.6	29	0.740866667
"aro4Δ"	0.9	29	0.2992
"aro4Δ"	1.2	29	0.122433333
"aro4Δ"	1.5	29	0.070333333
"WT"	0	29	1.411766667
"WT"	0.1	29	1.5234
"WT"	0.3	29	1.551366667
"WT"	0.6	29	1.5746
"WT"	0.9	29	1.6259
"WT"	1.2	29	1.627966667
"WT"	1.5	29	1.656533333
"aro4Δ"	0	29.5	1.3691
"aro4Δ"	0.1	29.5	1.369233333
"aro4Δ"	0.3	29.5	1.393566667
"aro4Δ"	0.6	29.5	0.7604
"aro4Δ"	0.9	29.5	0.3049
"aro4Δ"	1.2	29.5	0.124166667
"aro4Δ"	1.5	29.5	0.0711
"WT"	0	29.5	1.415133333
"WT"	0.1	29.5	1.525366667
"WT"	0.3	29.5	1.550733333
"WT"	0.6	29.5	1.574133333
"WT"	0.9	29.5	1.6264
"WT"	1.2	29.5	1.629333333
"WT"	1.5	29.5	1.656933333
"aro4Δ"	0	30	1.376133333
"aro4Δ"	0.1	30	1.3802
"aro4Δ"	0.3	30	1.420033333
"aro4Δ"	0.6	30	0.778333333
"aro4Δ"	0.9	30	0.312833333
"aro4Δ"	1.2	30	0.127833333
"aro4Δ"	1.5	30	0.073133333
"WT"	0	30	1.419766667
"WT"	0.1	30	1.528033333
"WT"	0.3	30	1.550833333
"WT"	0.6	30	1.575633333
"WT"	0.9	30	1.629
"WT"	1.2	30	1.631266667
"WT"	1.5	30	1.6586
"aro4Δ"	0	30.5	1.3781
"aro4Δ"	0.1	30.5	1.3845
"aro4Δ"	0.3	30.5	1.440433333
"aro4Δ"	0.6	30.5	0.793066667
"aro4Δ"	0.9	30.5	0.318566667
"aro4Δ"	1.2	30.5	0.130266667
"aro4Δ"	1.5	30.5	0.074833333
"WT"	0	30.5	1.423466667
"WT"	0.1	30.5	1.529833333
"WT"	0.3	30.5	1.551766667
"WT"	0.6	30.5	1.577266667
"WT"	0.9	30.5	1.6312
"WT"	1.2	30.5	1.633
"WT"	1.5	30.5	1.660466667
"aro4Δ"	0	31	1.383466667
"aro4Δ"	0.1	31	1.3926
"aro4Δ"	0.3	31	1.460866667
"aro4Δ"	0.6	31	0.810033333
"aro4Δ"	0.9	31	0.3253
"aro4Δ"	1.2	31	0.132633333
"aro4Δ"	1.5	31	0.076333333
"WT"	0	31	1.426066667
"WT"	0.1	31	1.5295
"WT"	0.3	31	1.5524
"WT"	0.6	31	1.579266667
"WT"	0.9	31	1.632833333
"WT"	1.2	31	1.634033333
"WT"	1.5	31	1.6609
"aro4Δ"	0	31.5	1.3878
"aro4Δ"	0.1	31.5	1.396266667
"aro4Δ"	0.3	31.5	1.479066667
"aro4Δ"	0.6	31.5	0.827866667
"aro4Δ"	0.9	31.5	0.3309
"aro4Δ"	1.2	31.5	0.134866667
"aro4Δ"	1.5	31.5	0.0776
"WT"	0	31.5	1.4271
"WT"	0.1	31.5	1.5289
"WT"	0.3	31.5	1.552633333
"WT"	0.6	31.5	1.5808
"WT"	0.9	31.5	1.633233333
"WT"	1.2	31.5	1.6338
"WT"	1.5	31.5	1.6613
"aro4Δ"	0	32	1.391366667
"aro4Δ"	0.1	32	1.404033333
"aro4Δ"	0.3	32	1.4924
"aro4Δ"	0.6	32	0.8397
"aro4Δ"	0.9	32	0.3361
"aro4Δ"	1.2	32	0.1379
"aro4Δ"	1.5	32	0.0795
"WT"	0	32	1.429233333
"WT"	0.1	32	1.53
"WT"	0.3	32	1.554766667
"WT"	0.6	32	1.583933333
"WT"	0.9	32	1.635433333
"WT"	1.2	32	1.6362
"WT"	1.5	32	1.662566667
"aro4Δ"	0	32.5	1.395333333
"aro4Δ"	0.1	32.5	1.407333333
"aro4Δ"	0.3	32.5	1.5045
"aro4Δ"	0.6	32.5	0.853933333
"aro4Δ"	0.9	32.5	0.341466667
"aro4Δ"	1.2	32.5	0.1402
"aro4Δ"	1.5	32.5	0.081533333
"WT"	0	32.5	1.429933333
"WT"	0.1	32.5	1.530633333
"WT"	0.3	32.5	1.556866667
"WT"	0.6	32.5	1.5865
"WT"	0.9	32.5	1.636966667
"WT"	1.2	32.5	1.637166667
"WT"	1.5	32.5	1.6643
"aro4Δ"	0	33	1.4005
"aro4Δ"	0.1	33	1.415433333
"aro4Δ"	0.3	33	1.517533333
"aro4Δ"	0.6	33	0.869133333
"aro4Δ"	0.9	33	0.347866667
"aro4Δ"	1.2	33	0.1435
"aro4Δ"	1.5	33	0.0827
"WT"	0	33	1.430466667
"WT"	0.1	33	1.532333333
"WT"	0.3	33	1.559933333
"WT"	0.6	33	1.5883
"WT"	0.9	33	1.638533333
"WT"	1.2	33	1.639033333
"WT"	1.5	33	1.665733333
"aro4Δ"	0	33.5	1.4011
"aro4Δ"	0.1	33.5	1.417233333
"aro4Δ"	0.3	33.5	1.524966667
"aro4Δ"	0.6	33.5	0.880933333
"aro4Δ"	0.9	33.5	0.350633333
"aro4Δ"	1.2	33.5	0.1456
"aro4Δ"	1.5	33.5	0.084333333
"WT"	0	33.5	1.4291
"WT"	0.1	33.5	1.534033333
"WT"	0.3	33.5	1.5626
"WT"	0.6	33.5	1.5903
"WT"	0.9	33.5	1.6397
"WT"	1.2	33.5	1.6405
"WT"	1.5	33.5	1.666933333
"aro4Δ"	0	34	1.405666667
"aro4Δ"	0.1	34	1.4206
"aro4Δ"	0.3	34	1.533633333
"aro4Δ"	0.6	34	0.894066667
"aro4Δ"	0.9	34	0.356133333
"aro4Δ"	1.2	34	0.148533333
"aro4Δ"	1.5	34	0.086833333
"WT"	0	34	1.429766667
"WT"	0.1	34	1.5356
"WT"	0.3	34	1.564666667
"WT"	0.6	34	1.591033333
"WT"	0.9	34	1.6399
"WT"	1.2	34	1.641566667
"WT"	1.5	34	1.668133333
"aro4Δ"	0	34.5	1.409333333
"aro4Δ"	0.1	34.5	1.426466667
"aro4Δ"	0.3	34.5	1.541
"aro4Δ"	0.6	34.5	0.906866667
"aro4Δ"	0.9	34.5	0.361033333
"aro4Δ"	1.2	34.5	0.151466667
"aro4Δ"	1.5	34.5	0.0884
"WT"	0	34.5	1.429133333
"WT"	0.1	34.5	1.539266667
"WT"	0.3	34.5	1.567066667
"WT"	0.6	34.5	1.593133333
"WT"	0.9	34.5	1.641933333
"WT"	1.2	34.5	1.643333333
"WT"	1.5	34.5	1.670366667
"aro4Δ"	0	35	1.411833333
"aro4Δ"	0.1	35	1.430233333
"aro4Δ"	0.3	35	1.546933333
"aro4Δ"	0.6	35	0.916733333
"aro4Δ"	0.9	35	0.365433333
"aro4Δ"	1.2	35	0.154666667
"aro4Δ"	1.5	35	0.089933333
"WT"	0	35	1.4306
"WT"	0.1	35	1.542633333
"WT"	0.3	35	1.5691
"WT"	0.6	35	1.594766667
"WT"	0.9	35	1.643933333
"WT"	1.2	35	1.6455
"WT"	1.5	35	1.672
"aro4Δ"	0	35.5	1.415833333
"aro4Δ"	0.1	35.5	1.4344
"aro4Δ"	0.3	35.5	1.5516
"aro4Δ"	0.6	35.5	0.928933333
"aro4Δ"	0.9	35.5	0.370233333
"aro4Δ"	1.2	35.5	0.157933333
"aro4Δ"	1.5	35.5	0.091766667
"WT"	0	35.5	1.431733333
"WT"	0.1	35.5	1.545966667
"WT"	0.3	35.5	1.5712
"WT"	0.6	35.5	1.596166667
"WT"	0.9	35.5	1.646066667
"WT"	1.2	35.5	1.647233333
"WT"	1.5	35.5	1.674033333
"aro4Δ"	0	36	1.416633333
"aro4Δ"	0.1	36	1.4371
"aro4Δ"	0.3	36	1.5551
"aro4Δ"	0.6	36	0.938633333
"aro4Δ"	0.9	36	0.374166667
"aro4Δ"	1.2	36	0.161566667
"aro4Δ"	1.5	36	0.094233333
"WT"	0	36	1.434166667
"WT"	0.1	36	1.5494
"WT"	0.3	36	1.573366667
"WT"	0.6	36	1.598066667
"WT"	0.9	36	1.6486
"WT"	1.2	36	1.649866667
"WT"	1.5	36	1.676866667
"aro4Δ"	0	36.5	1.419166667
"aro4Δ"	0.1	36.5	1.441166667
"aro4Δ"	0.3	36.5	1.5592
"aro4Δ"	0.6	36.5	0.948433333
"aro4Δ"	0.9	36.5	0.3776
"aro4Δ"	1.2	36.5	0.164433333
"aro4Δ"	1.5	36.5	0.096133333
"WT"	0	36.5	1.4354
"WT"	0.1	36.5	1.5519
"WT"	0.3	36.5	1.575166667
"WT"	0.6	36.5	1.600466667
"WT"	0.9	36.5	1.649466667
"WT"	1.2	36.5	1.6512
"WT"	1.5	36.5	1.6783
"aro4Δ"	0	37	1.422633333
"aro4Δ"	0.1	37	1.445266667
"aro4Δ"	0.3	37	1.5629
"aro4Δ"	0.6	37	0.9583
"aro4Δ"	0.9	37	0.382833333
"aro4Δ"	1.2	37	0.1679
"aro4Δ"	1.5	37	0.098233333
"WT"	0	37	1.441833333
"WT"	0.1	37	1.555
"WT"	0.3	37	1.577833333
"WT"	0.6	37	1.6019
"WT"	0.9	37	1.652733333
"WT"	1.2	37	1.6542
"WT"	1.5	37	1.680566667
"aro4Δ"	0	37.5	1.4233
"aro4Δ"	0.1	37.5	1.447333333
"aro4Δ"	0.3	37.5	1.565133333
"aro4Δ"	0.6	37.5	0.966766667
"aro4Δ"	0.9	37.5	0.386733333
"aro4Δ"	1.2	37.5	0.172
"aro4Δ"	1.5	37.5	0.100466667
"WT"	0	37.5	1.4451
"WT"	0.1	37.5	1.5573
"WT"	0.3	37.5	1.580133333
"WT"	0.6	37.5	1.604033333
"WT"	0.9	37.5	1.654466667
"WT"	1.2	37.5	1.656133333
"WT"	1.5	37.5	1.682333333
"aro4Δ"	0	38	1.425866667
"aro4Δ"	0.1	38	1.449233333
"aro4Δ"	0.3	38	1.5669
"aro4Δ"	0.6	38	0.975933333
"aro4Δ"	0.9	38	0.391766667
"aro4Δ"	1.2	38	0.176366667
"aro4Δ"	1.5	38	0.103066667
"WT"	0	38	1.448533333
"WT"	0.1	38	1.559666667
"WT"	0.3	38	1.582333333
"WT"	0.6	38	1.606833333
"WT"	0.9	38	1.6567
"WT"	1.2	38	1.658566667
"WT"	1.5	38	1.684333333
"aro4Δ"	0	38.5	1.4265
"aro4Δ"	0.1	38.5	1.451666667
"aro4Δ"	0.3	38.5	1.5678
"aro4Δ"	0.6	38.5	0.981066667
"aro4Δ"	0.9	38.5	0.394933333
"aro4Δ"	1.2	38.5	0.1801
"aro4Δ"	1.5	38.5	0.1066
"WT"	0	38.5	1.450566667
"WT"	0.1	38.5	1.5608
"WT"	0.3	38.5	1.583266667
"WT"	0.6	38.5	1.607833333
"WT"	0.9	38.5	1.658466667
"WT"	1.2	38.5	1.660266667
"WT"	1.5	38.5	1.685566667
"aro4Δ"	0	39	1.430133333
"aro4Δ"	0.1	39	1.455733333
"aro4Δ"	0.3	39	1.569733333
"aro4Δ"	0.6	39	0.9907
"aro4Δ"	0.9	39	0.4003
"aro4Δ"	1.2	39	0.186366667
"aro4Δ"	1.5	39	0.110566667
"WT"	0	39	1.453666667
"WT"	0.1	39	1.5638
"WT"	0.3	39	1.5852
"WT"	0.6	39	1.612
"WT"	0.9	39	1.6613
"WT"	1.2	39	1.662933333
"WT"	1.5	39	1.688233333
"aro4Δ"	0	39.5	1.431433333
"aro4Δ"	0.1	39.5	1.456666667
"aro4Δ"	0.3	39.5	1.5712
"aro4Δ"	0.6	39.5	0.997933333
"aro4Δ"	0.9	39.5	0.402666667
"aro4Δ"	1.2	39.5	0.190466667
"aro4Δ"	1.5	39.5	0.113866667
"WT"	0	39.5	1.4599
"WT"	0.1	39.5	1.567333333
"WT"	0.3	39.5	1.588533333
"WT"	0.6	39.5	1.615
"WT"	0.9	39.5	1.664233333
"WT"	1.2	39.5	1.6671
"WT"	1.5	39.5	1.6927
"aro4Δ"	0	40	1.435
"aro4Δ"	0.1	40	1.458866667
"aro4Δ"	0.3	40	1.571033333
"aro4Δ"	0.6	40	1.003566667
"aro4Δ"	0.9	40	0.406433333
"aro4Δ"	1.2	40	0.194166667
"aro4Δ"	1.5	40	0.116166667
"WT"	0	40	1.4642
"WT"	0.1	40	1.5703
"WT"	0.3	40	1.5912
"WT"	0.6	40	1.618933333
"WT"	0.9	40	1.668233333
"WT"	1.2	40	1.6706
"WT"	1.5	40	1.695933333
"aro4Δ"	0	40.5	1.437
"aro4Δ"	0.1	40.5	1.461933333
"aro4Δ"	0.3	40.5	1.572833333
"aro4Δ"	0.6	40.5	1.011166667
"aro4Δ"	0.9	40.5	0.4097
"aro4Δ"	1.2	40.5	0.1996
"aro4Δ"	1.5	40.5	0.119966667
"WT"	0	40.5	1.470633333
"WT"	0.1	40.5	1.575333333
"WT"	0.3	40.5	1.595866667
"WT"	0.6	40.5	1.622866667
"WT"	0.9	40.5	1.673
"WT"	1.2	40.5	1.676066667
"WT"	1.5	40.5	1.701533333
